4613955704942955008
2401367895392256
1157583985829224448
288829068831895568
585767294680957956
300304383868928
2596470325557428384
8358718330458619906
2326601232614920
153140000731693120
1225297965611876674
3458773335955996672
19800085102594
1189232335495627392
9295431972455321664
2310366409185691648
1874625681892184640
1162327739105792
939000798291959840
1128820503748736
563018975936512
281518194852866
2314923953074735184
2305983755462020608
173392983837642824
685747810091935744
292813141694611524
571746113831048
281543813775360
2459037972918501632
91202380703596800
1691072514261152
218433395234643968
5478637751919445056
112607892108216320
76563394838659202
441353039434219778
1134696549978112
2260737690976552
73205510760841472
4612830628285649024
3474482647798024
288661676802707460
576461027751759904
91796714393960832
4612812470254305792
288795542377922832
1197454332526848
5633904630304768
612581925548327168
576531310060241418
4611686037822111896
1688919687176192
13758208595232896
306649399252025872
47305736170049666
9227950422734491648
22527086321730320
35502205044736
4611686040447747112
739188490528556032
6790725580751360
36069620884505088
4686030751815180544