9979979047364493600
162129861731950592
144150449757896832
2666136477097807872
10520444498058678404
9295434028972834824
288241410056950800
144117397941452852
4657707177665118216
1196543531028480
1266774843589504
108649375672049728
563095982834704
18295912141030400
36591751300908040
72339077881555712
324259448585469952
36174483383394312
145685559123968
290482727869222912
1303933379502146560
577024252046475392
848823245209864
2199040065604
72127964929622064
5350276651523507336
2323875002065100800
290482727869743112
180148385297205248
1739519756265980032
5224176684442370568
4702039498838525314
180284997536579620
4503737070534660
4762697480880001024
1153062276463333376
4512397876265984
234752331755815936
252342325219426560
4611687188839530564
9148211623133184
4503737070534672
9007340992921620
45053588594000000
9225623853848887424
144678687852232706
3459363756520505384
39876640768004
4719772684364284480
1152956757702608448
576602726743409280
457465573443840
9369317946150879616
37154705532534848
144308706451407872
2017692075210052096
1708643221301506
17733953552458
577604931729654274
1688987638968458
562971563532290
869757695484299266
52935579466205196
4398600175746